5.00e-09	
7.83e-09	
1.08e-08	
1.39e-08	
1.72e-08	
2.06e-08	
2.42e-08	
2.80e-08	
3.20e-08	
3.62e-08	
4.06e-08	
4.52e-08	
5.00e-08	
5.08e-08	
5.16e-08	
5.25e-08	
5.34e-08	
5.43e-08	
5.53e-08	
5.64e-08	
5.75e-08	
5.87e-08	
5.99e-08	
6.11e-08	
6.25e-08	
6.39e-08	
6.54e-08	
6.69e-08	
6.86e-08	
7.03e-08	
7.21e-08	
7.40e-08	
7.59e-08	
7.80e-08	
8.02e-08	
8.25e-08	
8.49e-08	
8.75e-08	
9.01e-08	
9.29e-08	
9.58e-08	
9.89e-08	
1.02e-07	
1.06e-07	
1.09e-07	
1.13e-07	
1.17e-07	
1.21e-07	
1.25e-07	
1.30e-07	
1.35e-07	
1.40e-07	
1.45e-07	
1.50e-07	
1.56e-07	
1.62e-07	
1.69e-07	
1.75e-07	
1.82e-07	
1.90e-07	
1.98e-07	
2.06e-07	
2.14e-07	
2.23e-07	
2.33e-07	
2.43e-07	
2.50e-07	
2.64e-07	
2.76e-07	
2.88e-07	
3.00e-07	
3.14e-07	
3.27e-07	
3.42e-07	
3.58e-07	
3.74e-07	
3.91e-07	
4.08e-07	
4.27e-07	
4.47e-07	
4.67e-07	
4.89e-07	
5.12e-07	
5.36e-07	
5.61e-07	
5.87e-07	
6.15e-07	
6.44e-07	
6.74e-07	
7.06e-07	
7.40e-07	
7.75e-07	
8.12e-07	
8.51e-07	
8.92e-07	
9.35e-07	
9.80e-07	
1.03e-06	
1.08e-06	
1.13e-06	
1.18e-06	
1.24e-06	
1.30e-06	
1.36e-06	
1.43e-06	
1.50e-06	
1.57e-06	
1.65e-06	
1.73e-06	
1.82e-06	
1.91e-06	
2.00e-06	
2.30e-06	
2.66e-06	
3.07e-06	
3.50e-06	
4.10e-06	
4.73e-06	
5.46e-06	
6.30e-06	
7.29e-06	
8.41e-06	
9.72e-06	
1.10e-05	
1.30e-05	
1.50e-05	
1.73e-05	
2.00e-05	
2.30e-05	
2.66e-05	
3.07e-05	
3.50e-05	
4.10e-05	
4.73e-05	
5.46e-05	
6.30e-05	
7.29e-05	
8.41e-05	
9.72e-05	
1.10e-04	
1.30e-04	
1.50e-04	
1.73e-04	
2.00e-04	
2.30e-04	
2.66e-04	
3.07e-04	
3.50e-04	
4.10e-04	
4.73e-04	
5.46e-04	
6.30e-04	
7.29e-04	
8.41e-04
9.72e-04	
1.10e-03	
1.30e-03	
1.50e-03	
1.73e-03	
2.00e-03
