1.0000e-07 
1.1052e-07 
1.2215e-07 
1.3500e-07 
1.4920e-07 
1.6490e-07 
1.8225e-07 
2.0142e-07 
2.2262e-07 
2.4604e-07 
2.7192e-07 
3.0053e-07 
3.3215e-07 
3.6710e-07 
4.0572e-07 
4.4841e-07 
4.9558e-07 
5.4772e-07 
6.0535e-07 
6.6904e-07 
7.3943e-07 
8.1722e-07 
9.0320e-07 
9.9823e-07 
1.1032e-06 
1.2193e-06 
1.3476e-06 
1.4894e-06 
1.6461e-06 
1.8193e-06 
2.0107e-06 
2.2222e-06 
2.4560e-06 
2.7144e-06 
3.0000e-06 
3.3156e-06 
3.6645e-06 
4.0500e-06 
4.4761e-06 
4.9470e-06 
5.4675e-06 
6.0427e-06 
6.6785e-06 
7.3811e-06 
8.1577e-06 
9.0160e-06 
9.9646e-06 
1.1013e-05 
1.2172e-05 
1.3452e-05 
1.4867e-05 
1.6432e-05 
1.8161e-05 
2.0071e-05 
2.2183e-05 
2.4517e-05 
2.7096e-05 
2.9947e-05 
3.3097e-05 
3.6580e-05 
4.0428e-05 
4.4682e-05 
4.9383e-05 
5.4578e-05 
6.0320e-05 
6.6667e-05 
7.3681e-05 
8.1433e-05 
9.0000e-05 
9.9469e-05 
1.0993e-04 
1.2150e-04 
1.3428e-04 
1.4841e-04 
1.6402e-04 
1.8128e-04 
2.0035e-04 
2.2143e-04 
2.4473e-04 
2.7048e-04 
2.9894e-04 
3.3039e-04 
3.6515e-04 
4.0357e-04 
4.4603e-04 
4.9295e-04 
5.4481e-04 
6.0213e-04 
6.6548e-04 
7.3550e-04 
8.1288e-04 
8.9841e-04 
9.9293e-04 
1.0974e-03 
1.2128e-03 
1.3404e-03 
1.4815e-03 
1.6374e-03 
1.8096e-03 
2.0000e-03 
