2.63e-07	
4.48e-07	
5.50e-07	
6.46e-07	
8.57e-07	
1.00e-06	
1.33e-06	
1.59e-06	
1.86e-06	
2.16e-06	
2.20e-06	
2.48e-06	
2.82e-06	
3.18e-06	
3.57e-06	
3.99e-06	
4.43e-06	
4.91e-06	
5.42e-06	
5.97e-06	
6.55e-06	
7.18e-06	
7.84e-06	
8.56e-06	
9.33e-06	
1.01e-05	
1.10e-05	
1.20e-05	
1.30e-05	
1.40e-05	
1.52e-05	
1.64e-05	
1.77e-05	
1.91e-05	
2.06e-05	
2.23e-05	
2.40e-05	
2.58e-05	
2.78e-05	
2.99e-05	
3.22e-05	
3.46e-05	
3.72e-05	
4.00e-05	
4.29e-05	
4.61e-05	
4.95e-05	
5.31e-05	
5.70e-05	
6.12e-05	
6.56e-05	
7.04e-05	
7.54e-05	
8.09e-05	
8.67e-05	
9.30e-05	
9.96e-05	
1.07e-04	
1.14e-04	
1.23e-04	
1.31e-04	
1.41e-04	
1.51e-04	
1.61e-04	
1.73e-04	
1.85e-04	
1.98e-04	
2.12e-04	
2.27e-04	
2.43e-04	
2.61e-04	
2.79e-04	
2.99e-04	
3.20e-04	
3.42e-04	
3.67e-04	
3.92e-04	
4.20e-04	
4.50e-04	
4.81e-04	
5.15e-04	
5.51e-04	
5.90e-04	
6.32e-04	
6.76e-04	
7.23e-04	
7.74e-04	
8.29e-04	
8.50e-04	
8.87e-04	
9.49e-04	
1.00e-03	
1.09e-03	
1.16e-03	
1.24e-03	
1.30e-03	
1.33e-03	
1.43e-03	
1.53e-03	
1.63e-03	
1.75e-03	
1.87e-03	
2.00e-03	
3.00e-03
